1000
1001157166
1249678201
1423935171
1139716752
664262262
1135968372
378512767
1827315102
396841865
1691632852
171852680
570366042
291277763
501945569
920634426
1662198828
1870167449
2015976830
72651869
2000959135
362668029
244411099
1523233618
1603663664
143267549
1182504400
1246583335
1776828120
1535067417
1952090896
645389466
388740935
1054285449
2069324637
1528457688
1718547712
1057809362
1906970455
1398379166
1454651227
1451119659
1570231846
2025017269
1742397422
2072177415
798168047
1257112603
1794861217
666661229
1329764472
1648336704
1029329258
1574175572
1024086674
485509274
1717443121
59107426
1732092610
1346787594
1594174844
1536699858
1992177060
1982915779
443501660
1914018049
1363889819
14565724
824343763
1123376626
1412944890
131511342
427012637
835693089
9044963
21926412
760386856
807213010
1279039015
407764425
1473874239
461319839
2056101129
355719849
2035495411
932704156
841229124
1605454885
991811582
425838086
804758831
438502778
1962537944
649452243
273934910
258555956
415986644
1637824729
273121680
1240330408
613717708
1686066571
1371841750
1040730345
374276012
1380886714
1062656757
1134662868
40616076
194212124
1542427294
1514490316
655531964
1451044775
1870210165
543543727
236265283
563955641
1514964
1228076866
989793727
806273795
1666579644
804848024
1455726038
1940514554
1063403980
1871712683
1430855636
1336525661
964559443
2044573344
875108584
188917545
937820041
1249384596
1569804259
2000476799
236563816
1610420336
47205275
1778991110
977427004
702737239
1082552238
700153521
1246280967
1318817521
1264109163
1247795931
399410739
106419242
2054069727
2065990384
911267266
1362312117
1859021290
1974671247
1086541152
1142393278
1163713260
2051100595
1039482974
2038821844
92534493
1977303016
1140722792
1662338752
1830296167
1377286608
1125275440
1877501442
1008794071
2102702444
432755034
2091346309
655372318
1679036001
1262680182
1919481481
779348284
1662090922
2025900723
685934363
1580597658
789684342
2048246481
1292135300
616871941
987303985
287044931
1780585201
890920933
1326527905
1671923397
983455426
1156347273
665162541
498310530
839159792
2042449149
1623585971
569177587
903759572
1578804767
1001932621
847622233
86693437
533484974
2110302416
2006174918
1312833258
1624909690
1884591994
1998767622
1058023700
526792688
1899530455
202675352
1143664629
739350792
489720283
776766182
1630271725
1816248189
301205931
466243503
825111814
966368472
964554034
1664271607
861333973
440656357
85965546
1765093546
2019461124
1087898167
465232131
2106154562
1621383141
428050899
1964845832
786732751
2052960589
1701954178
638016725
963500641
81263218
390063532
1166175994
1224927847
1129414325
1655896277
2001694029
612202402
1324660818
155416312
1078445906
2288985
1121784784
2042999940
1666560592
1983118758
336172649
1752526138
1600728656
208150125
692940657
2065960787
166821039
166840150
346528039
2131666872
953572901
252004980
1686137402
1591589627
1215505622
1767400621
1981653159
234197968
844844820
963583836
1890094245
699055202
1575786239
1067271416
854471514
506748497
1069560401
1976256299
402264789
588637345
1811891409
738437438
193679835
1265136417
946587563
886620492
1183613556
1113408603
1053460642
1530141595
1097591827
2007033543
1782146576
636245581
1451139522
850168550
256162554
1285309034
1084366518
1101007375
101409222
826977115
1800062577
1677195461
1894248531
507050443
36460310
816325284
335823094
438725099
1404962629
230855
1177162537
1598642464
1265367272
2123750101
337779308
301497181
1089675056
1391239950
1831638776
39783235
1250789846
1466301704
676028816
554445720
168986606
932191371
1839754754
1253353124
2033198746
1941163977
2080330240
1685777675
1470875790
1827095123
45344470
1507336101
495936760
381167565
1946061200
1900899389
381398420
975740090
1352058206
1646765693
952006543
1689837514
1948262874
2041681599
933593817
1632418002
2081464834
36900015
951236059
610010002
591345735
1120222665
1542201373
283616842
226092142
1427916471
77297171
158938734
966210498
1548172961
1986033857
1011554969
908025414
334486969
1392722534
706602967
87902711
1774120954
1682343057
1439960917
1273402999
486865952
982314783
1074182225
381063903
1915908600
559116580
315045089
1952808615
1510352639
925055091
396670703
483091656
319772817
680287545
709183798
1747689288
757584716
868122532
566416139
158274029
706672742
1577971108
1066299444
1041159711
823209994
1772902411
1129062422
449847300
1307761820
421539691
1723250300
1794627772
1403854475
649948877
28208027
1172279427
1209065457
343253116
977604395
571934448
1268308207
1374275098
1055026105
1588081024
2054562643
1764209903
1188286665
664663711
484848788
1754702804
822937740
1191521530
1185190264
1889237184
85197593
2008400258
1514655947
1214260016
310763910
674934119
1635799707
2034014210
322078243
892170534
536479440
350286270
2064449962
1745544897
693539386
894570709
169995698
1961847594
121362159
1225021803
1402444970
28441154
841748058
443247987
693104865
1326596846
50467143
1516042605
370634728
1235657407
1257796142
455832322
1096574017
624968441
1670092338
1407337928
1299902561
1158408397
1293868490
1621980804
2050578932
1830347930
1972267075
1967545246
1428409180
518322813
714632307
1598404878
332686759
835994466
675943033
1735131730
864435620
1517691091
30896069
1557540485
696804290
81363213
926099442
1067439018
1317020620
36411936
1523271340
266110990
661380378
1045880030
1673448918
1961282939
56804780
819833760
1435780095
2107383712
502698043
1260563522
1927445310
1931107223
1778886336
494593969
1382028453
2111573095
1330588435
2057971486
1699221177
47540407
1428178929
1730117247
1605080892
2124983219
1811480460
383696686
1044938590
981017432
420108623
420726282
1247128422
1081489001
1466606313
773093692
895288292
1523411093
1592927453
183584739
1483311157
2095625496
1444148262
1263272819
1879249071
1075550950
1757866788
1113793876
1039640397
940971575
1024281714
591377927
988511982
304976995
174011526
446109226
282476567
1985491986
829805912
1327415157
819025770
1249914535
1748141439
2066154193
183919888
1067264104
691764237
1079208180
443191549
137208042
1262792920
1926502706
85349890
559457534
1042291877
1964598961
1635008484
652675017
930909189
527165233
1593646592
1955190903
1118543160
434674926
112684251
1292554686
880784152
395160818
1130563024
1710590065
1722575975
1949588795
813020952
1323233766
1868259340
996940841
243014223
412539929
2076149021
686205772
549747972
1191458293
465224831
635097862
1750915827
1507516708
452213176
1238440663
12708078
1383122365
1765605897
1606354670
1190829621
736665409
2041029597
1303513872
2029220096
774330101
1698674690
1012299472
337436518
1273767017
814404619
1150457471
449517135
535180311
2147398312
692531358
947720241
2076063685
1378737131
1497468213
1120038331
1843961962
2132566075
723470510
1203995022
437295603
1961911174
1216703100
1820417969
1580033423
675574123
863763942
169215184
569120072
19794166
50951632
1343450173
1718468856
1063251105
1680886692
844752225
1877655724
683860515
1294269360
265352388
683775179
1986800719
1213072629
612355216
1218054202
563057194
1732393547
914532516
548139621
308380410
2118527538
985435225
122807936
1187746991
658369546
1702841359
1863321114
1522133488
1872056543
284957538
1541927654
1923008176
1628407711
1112912862
838775633
1161810755
1957665087
568947709
1845671270
1104450799
834300097
381962801
943767870
2047372726
994318018
14338424
462946272
579227917
928870940
1011085894
887608327
899914831
1996521119
1010416263
2087661822
507407017
565773974
1803499288
2029540505
290346870
2088456826
1423984511
65871398
1569380889
389413725
904647031
583707997
199595164
1473594740
281895619
1304045963
160411190
663858421
100330186
60300268
1658176439
114668610
523246541
89920708
1043539551
1534332435
977529036
1943454382
1383369906
1987945299
1883632556
1890776923
406235626
1539648196
1772833780
696582496
1480621374
1049334643
762453894
902518615
1438748368
1667100925
1486226612
1638343532
993212017
1768122232
794905847
1153623207
284497005
895236033
1213923476
1942673444
1009904644
1737170017
2032594152
2053444195
1124018804
862639540
1849414929
359905062
703101192
1585563837
103198337
1109336818
977728385
1876032117
1805919314
310866111
777883112
420889560
1213384726
69147832
2087990485
552127691
1707491364
933718854
172766275
354913563
2087342062
457263280
1250149597
1153781890
252453076
112570593
743468259
137563580
18531140
1867487063
1000203121
1867946069
79908477
1703304313
1306026258
183106814
665157483
136270995
2059138931
323593149
447137106
689538395
744482709
1660521832
758686227
684989546
65165875
318693943
1618708400
237932150
673607506
1558566814
695195430
1923757103
564865056
947648506
2036327696
1308333315
1085212087
2054858836
1028336730
2085415208
1775321257
1108245207
1641235873
933863867
1291352021
158909708
1070134862
1203007304
482502857
1517271968
1892545699
1226985566
1030310153
503748278
1911975112
1095476028
822442221
1383199864
1333408179
1496049728
794283031
2028603609
1272323183
1359148087
828768468
1161167232
519997755
1913980555
1068542420
1548334485
1851912115
696380030
509096045
1345664340
1630243897
1800448066
1504574048
552895112
855971723
1987076905
2070167080
601033774
1066578823
952993585
1104782053
831070287
2048469614
1927224274
66786503
1234394145
1275790354
861069534
1115514106
400629890
72733974
1944282574
1561797122
592731729
1710779481
482855894
2141066214
1415207948
1179235924
502678611
613388640
661996174
155643030
2117962688
1214891286
1011614753
1957555945
1137574718
1612648527
876651120
2090568304
569946932
1707721407
1991554270
349687559
1774507911
1078464767
1625477913
488093797
46495225
2026107803
560827771
1990777800
1440421277
1153559500
1554073633
1923277172
1147142067
821797934
955029448
1649820678
1435186574
1617025622
1805463708
1405665615
684433260
669594813
1215737912
1822007979
134759693
2092389033
1765092635
704706625
1652626792
1609163257
1054394184
1279651055
540144376
532388450
1767744853
586639601
411012605
181088976
429933753
1851433883
1334648477
1984007387
1627227407
334306896
658321673
434773207
1984127574
2093508247
2051798830
1642107635
1351690214
588748442
164218800
419944479
263272773
298978493
364849864
2028365408
1003685119
2017476656
1490045017
2058079303
1149644064
2030189393
442984105
769905269
469345347
853996711
950994245
899279100
557946946
138159074
735802839
37690705
472465970
1394124512
472463912
309109897
1340149112
376779094
1951217532
544355678
965527537
2115436332
964300157
1228800310
266931178
1329150021
1109682071
1270616297
1199143030
452243440
1181211952
201303446
